en_MEC_  = [10.7159515053406 11.4226930471175 12.6641901394440 15.7061001310923 17.6533199498882];
ti_MEC_  = [9.29176126942536 8.99981425795769 8.52936940580397 8.31145275090218 7.88263788596829];